header: 
  seq: 1
  stamp: 
    secs: 0
    nsecs: 0
  frame_id: /Alfa/map
pose: 
  pose: 
    position: 
      x: 9.53693199158
      y: 7.92283821106
      z: 0.0
    orientation: 
      x: 0.0
      y: 0.0
      z: 0.999987727477
      w: 0.00495428048536
  covariance: [0.25, 0.0, 0.0, 0.0, 0.0, 0.0, 0.0, 0.25, 0.0, 0.0, 0.0, 0.0, 0.0, 0.0, 0.0, 0.0, 0.0, 0.0, 0.0, 0.0, 0.0, 0.0, 0.0, 0.0, 0.0, 0.0, 0.0, 0.0, 0.0, 0.0, 0.0, 0.0, 0.0, 0.0, 0.0, 0.06853891945200942]
