header: 
  seq: 1
  stamp: 
    secs: 0
    nsecs: 0
  frame_id: /Bravo/map
pose: 
  pose: 
    position: 
      x: 10.4209136963
      y: 6.94635391235
      z: 0.0
    orientation: 
      x: 0.0
      y: 0.0
      z: 0.999996621806
      w: 0.00259930321201
  covariance: [0.25, 0.0, 0.0, 0.0, 0.0, 0.0, 0.0, 0.25, 0.0, 0.0, 0.0, 0.0, 0.0, 0.0, 0.0, 0.0, 0.0, 0.0, 0.0, 0.0, 0.0, 0.0, 0.0, 0.0, 0.0, 0.0, 0.0, 0.0, 0.0, 0.0, 0.0, 0.0, 0.0, 0.0, 0.0, 0.06853891945200942]
