header: 
  seq: 1
  stamp: 
    secs: 0
    nsecs: 0
  frame_id: /Charlie/map
pose: 
  pose: 
    position: 
      x: 9.48143768311
      y: 5.1073923111
      z: 0.0
    orientation: 
      x: 0.0
      y: 0.0
      z: 0.999993087917
      w: 0.00371807981979
  covariance: [0.25, 0.0, 0.0, 0.0, 0.0, 0.0, 0.0, 0.25, 0.0, 0.0, 0.0, 0.0, 0.0, 0.0, 0.0, 0.0, 0.0, 0.0, 0.0, 0.0, 0.0, 0.0, 0.0, 0.0, 0.0, 0.0, 0.0, 0.0, 0.0, 0.0, 0.0, 0.0, 0.0, 0.0, 0.0, 0.06853891945200942]
