header: 
  seq: 1
  stamp: 
    secs: 0
    nsecs: 0
  frame_id: /Delta/map
pose: 
  pose: 
    position: 
      x: 9.52246284485
      y: 2.9753510952
      z: 0.0
    orientation: 
      x: 0.0
      y: 0.0
      z: 0.999992937471
      w: 0.00375832515261
  covariance: [0.25, 0.0, 0.0, 0.0, 0.0, 0.0, 0.0, 0.25, 0.0, 0.0, 0.0, 0.0, 0.0, 0.0, 0.0, 0.0, 0.0, 0.0, 0.0, 0.0, 0.0, 0.0, 0.0, 0.0, 0.0, 0.0, 0.0, 0.0, 0.0, 0.0, 0.0, 0.0, 0.0, 0.0, 0.0, 0.06853891945200942]
