header: 
  seq: 1
  stamp: 
    secs: 0
    nsecs: 0
  frame_id: /Echo/map
pose: 
  pose: 
    position: 
      x: 0.63699811697
      y: 3.02873897552
      z: 0.0
    orientation: 
      x: 0.0
      y: 0.0
      z: -0.0141645637338
      w: 0.999899677535
  covariance: [0.25, 0.0, 0.0, 0.0, 0.0, 0.0, 0.0, 0.25, 0.0, 0.0, 0.0, 0.0, 0.0, 0.0, 0.0, 0.0, 0.0, 0.0, 0.0, 0.0, 0.0, 0.0, 0.0, 0.0, 0.0, 0.0, 0.0, 0.0, 0.0, 0.0, 0.0, 0.0, 0.0, 0.0, 0.0, 0.06853891945200942]
