header: 
  seq: 1
  stamp: 
    secs: 0
    nsecs: 0
  frame_id: /Foxtrot/map
pose: 
  pose: 
    position: 
      x: 0.720788478851
      y: 8.10866355896
      z: 0.0
    orientation: 
      x: 0.0
      y: 0.0
      z: -0.0110785004686
      w: 0.999938631531
  covariance: [0.25, 0.0, 0.0, 0.0, 0.0, 0.0, 0.0, 0.25, 0.0, 0.0, 0.0, 0.0, 0.0, 0.0, 0.0, 0.0, 0.0, 0.0, 0.0, 0.0, 0.0, 0.0, 0.0, 0.0, 0.0, 0.0, 0.0, 0.0, 0.0, 0.0, 0.0, 0.0, 0.0, 0.0, 0.0, 0.06853891945200942]
